[0, 0.1, 0]
[50, 100.1, 30]
[99, 190.3, 59]
[147.01, 270.8, 87.01]
[194.04, 341.70000000000005, 114.04]
[240.1, 403.1, 140.10000000000002]
[285.2, 455.1, 165.20000000000002]
[329.34999999999997, 497.8, 189.35000000000002]
[372.55999999999995, 531.3, 212.56000000000003]
[414.8399999999999, 555.6999999999999, 234.84000000000003]
[456.19999999999993, 571.0999999999999, 256.20000000000005]
[496.6499999999999, 577.5999999999999, 276.65000000000003]
[536.1999999999999, 575.2999999999998, 296.20000000000005]
[574.8599999999999, 564.2999999999998, 314.86000000000007]
[612.6399999999999, 544.6999999999998, 332.6400000000001]
[649.5499999999998, 516.5999999999998, 349.5500000000001]
[685.5999999999998, 480.09999999999974, 365.60000000000014]
[720.7999999999998, 435.29999999999967, 380.8000000000001]
[755.1599999999999, 382.2999999999996, 395.16000000000014]
[788.6899999999998, 321.19999999999953, 408.69000000000017]
[821.3999999999999, 252.09999999999945, 421.40000000000015]
[853.2999999999998, 175.09999999999937, 433.3000000000001]
[884.3999999999999, 90.29999999999927, 444.40000000000015]
[914.7099999999998, -2.200000000000827, 454.71000000000015]
[914.7099999999998, -2.200000000000827, 454.71000000000015]
[914.7099999999998, -2.200000000000827, 454.71000000000015]
[914.7099999999998, -2.200000000000827, 454.71000000000015]
[914.7099999999998, -2.200000000000827, 454.71000000000015]
[914.7099999999998, -2.200000000000827, 454.71000000000015]
[914.7099999999998, -2.200000000000827, 454.71000000000015]
